% Model:              slipdepen_streampot.mph
% Version:            COMSOL 6.2.0.339
% Date:               Mar 8 2025, 21:11
% Dimension:          1
% Nodes:              1601
% Expressions:        1
% Description:        Dependent variable psi
% X                       psi
0                         3.6294303836696473E-4
6.250000000000002E-4      3.629501271214138E-4
0.0012500000000000005     3.6297139366166627E-4
0.0018750000000000008     3.630068388184493E-4
0.002500000000000001      3.6305646397634384E-4
0.003125000000000001      3.6312027107383903E-4
0.0037500000000000016     3.6319826260340795E-4
0.004375000000000002      3.632904416116048E-4
0.005000000000000002      3.633968116991841E-4
0.0056250000000000015     3.635173770212411E-4
0.006250000000000002      3.6365214228737444E-4
0.006875000000000003      3.6380111276186974E-4
0.007500000000000003      3.639642942639055E-4
0.008125000000000004      3.641416931677803E-4
0.008750000000000004      3.643333164031619E-4
0.009375000000000005      3.645391714553578E-4
0.010000000000000004      3.6475926636560756E-4
0.010625000000000002      3.649936097313973E-4
0.011250000000000003      3.652422107067951E-4
0.011875000000000004      3.6550507900280887E-4
0.012500000000000004      3.657822248877655E-4
0.013125000000000005      3.6607365918771203E-4
0.013750000000000005      3.663793932868387E-4
0.014375000000000006      3.6669943912792343E-4
0.015000000000000006      3.6703380921279834E-4
0.015625000000000007      3.673825166028384E-4
0.016250000000000007      3.6774557491947113E-4
0.016875000000000008      3.6812299834470933E-4
0.01750000000000001       3.685148016217043E-4
0.01812500000000001       3.6892100005532264E-4
0.01875000000000001       3.693416095127433E-4
0.01937500000000001       3.697766464240778E-4
0.020000000000000007      3.70226127783012E-4
0.020625000000000004      3.706900711474698E-4
0.021250000000000005      3.711684946402992E-4
0.021875000000000006      3.716614169499799E-4
0.022500000000000006      3.721688573313536E-4
0.023125000000000007      3.7269083560637626E-4
0.023750000000000007      3.732273721648919E-4
0.024375000000000008      3.737784879654296E-4
0.02500000000000001       3.7434420453602183E-4
0.02562500000000001       3.749245439750456E-4
0.02625000000000001       3.755195289520857E-4
0.02687500000000001       3.7612918270882003E-4
0.02750000000000001       3.7675352905992767E-4
0.02812500000000001       3.7739259239401914E-4
0.02875000000000001       3.78046397674589E-4
0.029375000000000012      3.787149704409908E-4
0.030000000000000013      3.7939833680943524E-4
0.030625000000000013      3.8009652347400987E-4
0.031250000000000014      3.8080955770772204E-4
0.031875000000000014      3.815374673635642E-4
0.032500000000000015      3.822802808756018E-4
0.033125000000000016      3.8303802726008426E-4
0.033750000000000016      3.838107361165784E-4
0.03437500000000002       3.8459843762912423E-4
0.03500000000000002       3.8540116256741456E-4
0.03562500000000002       3.8621894228799673E-4
0.03625000000000002       3.870518087354974E-4
0.03687500000000002       3.8789979444387053E-4
0.03750000000000002       3.8876293253766814E-4
0.03812500000000002       3.8964125673333433E-4
0.03875000000000002       3.905348013405223E-4
0.03937500000000002       3.914436012634345E-4
0.040000000000000015      3.9236769200218615E-4
0.04062500000000001       3.9330710965419216E-4
0.04125000000000001       3.9426189091557674E-4
0.04187500000000001       3.9523207308260727E-4
0.04250000000000001       3.9621769405315087E-4
0.04312500000000001       3.9721879232815514E-4
0.04375000000000001       3.982354070131518E-4
0.04437500000000001       3.9926757781978434E-4
0.04500000000000001       4.0031534506735934E-4
0.04562500000000001       4.013787496844215E-4
0.04625000000000001       4.024578332103522E-4
0.046875000000000014      4.035526377969923E-4
0.047500000000000014      4.0466320621028863E-4
0.048125000000000015      4.0578958183196454E-4
0.048750000000000016      4.069318086612146E-4
0.049375000000000016      4.080899313164234E-4
0.05000000000000001       4.0926399503690795E-4
0.05062500000000002       4.104540456846856E-4
0.05125000000000002       4.11660129746265E-4
0.05187500000000002       4.128822943344622E-4
0.05250000000000002       4.1412058719024074E-4
0.05312500000000002       4.15375056684577E-4
0.05375000000000002       4.1664575182034924E-4
0.05437500000000002       4.179327222342522E-4
0.05500000000000002       4.1923601819873556E-4
0.05562500000000002       4.205556906239682E-4
0.05625000000000002       4.2189179105982656E-4
0.05687500000000002       4.2324437169790843E-4
0.05750000000000002       4.246134853735718E-4
0.058125000000000024      4.2599918556799834E-4
0.058750000000000024      4.2740152641028314E-4
0.059375000000000025      4.288205626795486E-4
0.060000000000000026      4.302563498070844E-4
0.060625000000000026      4.3170894387851305E-4
0.06125000000000003       4.3317840163598054E-4
0.06187500000000003       4.346647804803727E-4
0.06250000000000003       4.3616813847355745E-4
0.06312500000000003       4.376885343406533E-4
0.06375000000000003       4.392260274723227E-4
0.06437500000000002       4.4078067792709244E-4
0.06500000000000002       4.4235254643369936E-4
0.06562500000000002       4.439416943934631E-4
0.06625                   4.4554818388268375E-4
0.066875                  4.4717207765506756E-4
0.0675                    4.4881343914417794E-4
0.068125                  4.504723324659131E-4
0.06875                   4.5214882242101083E-4
0.069375                  4.5384297449758E-4
0.07                      4.555548548736582E-4
0.07062500000000001       4.572845304197973E-4
0.07125000000000001       4.590320687016752E-4
0.07187500000000001       4.6079753798273544E-4
0.07250000000000001       4.6258100722685366E-4
0.07312500000000001       4.643825461010314E-4
0.07375000000000001       4.662022249781175E-4
0.07437500000000001       4.6804011493955725E-4
0.07500000000000001       4.6989628777816873E-4
0.07562500000000001       4.7177081600094747E-4
0.07625000000000001       4.736637728318987E-4
0.07687500000000001       4.755752322148976E-4
0.07750000000000001       4.7750526881657764E-4
0.07812500000000001       4.7945395802924764E-4
0.07875000000000001       4.8142137597383653E-4
0.07937500000000003       4.834075995028668E-4
0.08000000000000003       4.854127062034566E-4
0.08062500000000003       4.8743677440035054E-4
0.08125000000000002       4.894798831589792E-4
0.08187500000000002       4.91542112288548E-4
0.08250000000000002       4.936235423451542E-4
0.08312500000000002       4.957242546349338E-4
0.08375000000000002       4.978443312172379E-4
0.08437500000000002       4.999838549078377E-4
0.08500000000000002       5.021429092821598E-4
0.08562500000000002       5.043215786785509E-4
0.08625000000000002       5.065199482015721E-4
0.08687500000000002       5.087381037253235E-4
0.08750000000000002       5.109761318967983E-4
0.08812500000000002       5.132341201392678E-4
0.08875000000000002       5.155121566556966E-4
0.08937500000000002       5.178103304321875E-4
0.09000000000000002       5.201287312414579E-4
0.09062500000000002       5.224674496463463E-4
0.09125000000000003       5.248265770033503E-4
0.09187500000000003       5.272062054661948E-4
0.09250000000000003       5.296064279894323E-4
0.09312500000000003       5.320273383320731E-4
0.09375000000000003       5.344690310612487E-4
0.09437500000000003       5.369316015559055E-4
0.09500000000000003       5.394151460105303E-4
0.09562500000000003       5.419197614389082E-4
0.09625000000000003       5.444455456779122E-4
0.09687500000000003       5.469925973913247E-4
0.09750000000000003       5.495610160736922E-4
0.09812500000000003       5.521509020542111E-4
0.09875000000000003       5.547623565006469E-4
0.09937500000000002       5.573954814232869E-4
0.10000000000000002       5.60050379678924E-4
0.10062500000000002       5.627271549748752E-4
0.10125                   5.654259118730322E-4
0.10187500000000001       5.681467557939464E-4
0.10250000000000001       5.708897930209464E-4
0.10312500000000001       5.7365513070429E-4
0.10375000000000001       5.7644287686535E-4
0.10437500000000001       5.792531404008331E-4
0.10500000000000001       5.820860310870343E-4
0.10562500000000001       5.849416595841251E-4
0.10625000000000001       5.878201374404756E-4
0.10687500000000001       5.907215770970126E-4
0.10750000000000001       5.93646091891611E-4
0.10812500000000001       5.965937960635221E-4
0.10875000000000001       5.995648047578355E-4
0.10937500000000001       6.025592340299764E-4
0.11000000000000001       6.055772008502405E-4
0.11062500000000001       6.086188231083619E-4
0.11125000000000002       6.116842196181184E-4
0.11187500000000002       6.147735101219737E-4
0.11250000000000002       6.178868152957533E-4
0.11312500000000002       6.210242567533599E-4
0.11375000000000002       6.241859570515223E-4
0.11437500000000003       6.27372039694585E-4
0.11500000000000003       6.305826291393303E-4
0.11562500000000003       6.338178507998418E-4
0.11625000000000005       6.370778310524019E-4
0.11687500000000005       6.403626972404297E-4
0.11750000000000005       6.436725776794544E-4
0.11812500000000005       6.470076016621281E-4
0.11875000000000005       6.503678994632765E-4
0.11937500000000005       6.537536023449874E-4
0.12000000000000005       6.571648425617382E-4
0.12062500000000005       6.60601753365562E-4
0.12125000000000005       6.640644690112536E-4
0.12187500000000005       6.675531247616127E-4
0.12250000000000005       6.710678568927282E-4
0.12312500000000005       6.74608802699302E-4
0.12375000000000005       6.781761005000112E-4
0.12437500000000005       6.817698896429112E-4
0.12500000000000006       6.853903105108803E-4
0.12562500000000004       6.890375045271018E-4
0.12625000000000006       6.927116141605896E-4
0.12687500000000007       6.964127829317526E-4
0.12750000000000006       7.001411554180011E-4
0.12812500000000004       7.038968772593953E-4
0.12875000000000006       7.076800951643334E-4
0.12937500000000007       7.114909569152823E-4
0.13000000000000006       7.153296113745514E-4
0.13062500000000005       7.191962084901069E-4
0.13125000000000006       7.230908993014292E-4
0.13187500000000008       7.270138359454128E-4
0.13250000000000006       7.309651716623093E-4
0.13312500000000005       7.349450608017137E-4
0.13375000000000006       7.389536588285936E-4
0.13437500000000008       7.429911223293614E-4
0.13500000000000006       7.470576090179916E-4
0.13562500000000005       7.51153277742182E-4
0.13625000000000007       7.552782884895577E-4
0.13687500000000008       7.594328023939214E-4
0.13750000000000007       7.636169817415468E-4
0.13812500000000005       7.678309899775196E-4
0.13875000000000004       7.720749917121205E-4
0.13937500000000003       7.763491527272558E-4
0.14000000000000004       7.806536399829342E-4
0.14062500000000006       7.849886216237872E-4
0.14125000000000004       7.89354266985638E-4
0.14187500000000003       7.937507466021166E-4
0.14250000000000004       7.981782322113211E-4
0.14312500000000006       8.026368967625259E-4
0.14375000000000004       8.071269144229372E-4
0.14437500000000003       8.116484605844983E-4
0.14500000000000005       8.162017118707386E-4
0.14562500000000006       8.207868461436745E-4
0.14625000000000005       8.254040425107564E-4
0.14687500000000003       8.300534813318655E-4
0.14750000000000005       8.347353442263595E-4
0.14812500000000006       8.394498140801664E-4
0.14875000000000005       8.441970750529285E-4
0.14937500000000004       8.489773125851971E-4
0.15000000000000005       8.537907134056758E-4
0.15062500000000006       8.586374655385141E-4
0.15125000000000005       8.635177583106527E-4
0.15187500000000004       8.684317823592195E-4
0.15250000000000002       8.733797296389757E-4
0.153125                  8.783617934298144E-4
0.15375000000000003       8.833781683443107E-4
0.15437500000000004       8.884290503353236E-4
0.15500000000000003       8.935146367036501E-4
0.155625                  8.986351261057336E-4
0.15625000000000003       9.037907185614227E-4
0.15687500000000004       9.089816154617852E-4
0.15750000000000003       9.142080195769742E-4
0.15812500000000002       9.194701350641502E-4
0.15875000000000003       9.247681674754551E-4
0.15937500000000004       9.301023237660414E-4
0.16000000000000003       9.354728123021569E-4
0.16062500000000002       9.408798428692843E-4
0.16125000000000003       9.463236266803361E-4
0.16187500000000005       9.518043763839037E-4
0.16250000000000003       9.573223060725659E-4
0.16312500000000002       9.628776312912508E-4
0.16375000000000003       9.684705690456569E-4
0.16437500000000005       9.741013378107277E-4
0.16500000000000004       9.797701575391879E-4
0.16562500000000002       9.854772496701346E-4
0.16625000000000004       9.912228371376877E-4
0.16687500000000005       9.97007144379698E-4
0.16750000000000004       0.0010028303973465135
0.16812500000000002       0.0010086928235098081
0.16875000000000004       0.0010145946518714652
0.16937500000000005       0.0010205361129725233
0.17000000000000004       0.0010265174389021822
0.17062500000000003       0.001032538863306869
0.17125000000000004       0.0010386006213993653
0.17187500000000006       0.0010447029499679942
0.17250000000000004       0.00105084608738587
0.17312500000000003       0.0010570302736202116
0.17375000000000004       0.0010632557502417142
0.17437500000000006       0.0010695227604339867
0.17500000000000004       0.0010758315490030502
0.17562500000000003       0.0010821823623869027
0.17625000000000005       0.0010885754486651446
0.17687500000000006       0.0010950110575686676
0.17750000000000005       0.001101489440489413
0.17812500000000003       0.0011080108504901902
0.17875000000000005       0.001114575542314562
0.17937500000000006       0.001121183772396796
0.18000000000000005       0.0011278357988718807
0.18062500000000004       0.0011345318815856112
0.18125000000000005       0.0011412722821047374
0.18187500000000006       0.0011480572637271814
0.18250000000000005       0.0011548870914923244
0.18312500000000004       0.0011617620321913592
0.18375000000000005       0.001168682354377711
0.18437500000000007       0.001175648328377529
0.18500000000000005       0.0011826602263002445
0.18562500000000004       0.0011897183220492026
0.18625000000000005       0.0011968228913323603
0.18687500000000007       0.001203974211673056
0.18750000000000006       0.001211172562420851
0.18812500000000004       0.001218418224762441
0.18875000000000003       0.0012257114817326427
0.18937500000000002       0.0012330526182254458
0.19000000000000003       0.001240441921005145
0.19062500000000004       0.0012478796787175409
0.19125000000000003       0.001255366181901214
0.19187500000000005       0.0012629017229988763
0.19250000000000006       0.0012704865963687937
0.19312500000000005       0.001278121098296284
0.19375000000000006       0.0012858055270052917
0.19437500000000008       0.0012935401826700374
0.19500000000000006       0.0013013253674267421
0.19562500000000005       0.001309161385385432
0.19625000000000006       0.0013170485426418153
0.19687500000000008       0.0013249871472892413
0.19750000000000006       0.0013329775094307332
0.19812500000000005       0.0013410199411911048
0.19875000000000007       0.00134911475672915
0.19937500000000008       0.001357262272249916
0.20000000000000007       0.0013654628060170543
0.20062500000000005       0.001373716678365256
0.20125000000000007       0.0013820242117127614
0.20187500000000008       0.0013903857305739564
0.20250000000000007       0.0013988015615720478
0.20312500000000006       0.0014072720334518246
0.20375000000000007       0.0014157974770924973
0.20437500000000008       0.001424378225520624
0.20500000000000007       0.0014330146139231183
0.20562500000000006       0.0014417069796603453
0.20625000000000007       0.0014504556622792983
0.2068750000000001        0.001459261003526861
0.20750000000000007       0.0014681233473631595
0.20812500000000006       0.0014770430399749983
0.20875000000000005       0.0014860204297893818
0.20937500000000003       0.0014950558674871259
0.21000000000000005       0.001504149706016557
0.21062500000000006       0.0015133023006072986
0.21125000000000005       0.0015225140087841466
0.21187500000000004       0.0015317851903810381
0.21250000000000002       0.0015411162075551056
0.213125                  0.0015505074248008243
0.21375000000000002       0.0015599592089642505
0.21437500000000004       0.0015694719292573508
0.21500000000000002       0.0015790459572724263
0.215625                  0.0015886816669966274
0.21625000000000003       0.0015983794348265628
0.21687500000000004       0.0016081396395830022
0.21750000000000003       0.0016179626625256746
0.218125                  0.0016278488873681623
0.21875000000000003       0.0016377987002928899
0.21937500000000004       0.0016478124899662067
0.22000000000000003       0.001657890647553573
0.22062500000000002       0.0016680335667348396
0.22125000000000003       0.0016782416437196245
0.22187500000000004       0.001688515277262791
0.22250000000000003       0.0016988548686800238
0.22312500000000002       0.0017092608218635074
0.22375000000000003       0.0017197335432977015
0.22437500000000005       0.0017302734420752196
0.22500000000000003       0.0017408809299128104
0.22562500000000002       0.0017515564211674408
0.22625000000000003       0.0017623003328524813
0.22687500000000005       0.0017731130846539958
0.22750000000000004       0.001783995098947136
0.22812500000000002       0.0017949468008126418
0.22875                   0.0018059686180534448
0.229375                  0.0018170609812113803
0.23                      0.0018282243235840062
0.23062500000000002       0.001839459081241527
0.23125                   0.00185076569304383
0.23187500000000003       0.0018621446006576291
0.23250000000000004       0.0018735962485737158
0.23312500000000003       0.0018851210841243221
0.23375000000000004       0.0018967195575005985
0.23437500000000006       0.0019083921217701958
0.23500000000000004       0.0019201392328949646
0.23562500000000003       0.0019319613497487684
0.23625000000000004       0.001943858934135407
0.23687500000000006       0.0019558324508066557
0.23750000000000004       0.00196788236748042
0.23812500000000003       0.0019800091548590098
0.23875000000000005       0.0019922132866475213
0.23937500000000006       0.002004495239572345
0.24000000000000005       0.0020168554933997856
0.24062500000000003       0.0020292945309548067
0.24125000000000005       0.0020418128381398896
0.24187500000000006       0.0020544109039540123
0.24250000000000005       0.0020670892205117554
0.24312500000000006       0.002079848283062523
0.24375000000000008       0.0020926885900098904
0.24437500000000006       0.002105610642931071
0.24500000000000008       0.0021186149465965134
0.2456250000000001        0.002131702008989616
0.24625000000000008       0.0021448723413265707
0.2468750000000001        0.002158126458076337
0.2475000000000001        0.002171464876980734
0.2481250000000001        0.0021848881190746658
0.2487500000000001        0.0021983967087064785
0.24937500000000012       0.0022119911735584393
0.2500000000000001        0.002225672044667351
0.2506250000000001        0.0022394398564452972
0.2512500000000001        0.0022532951467005157
0.25187500000000007       0.0022672384566584107
0.2525000000000001        0.002281270330982692
0.25312500000000016       0.0022953913177966505
0.25375000000000014       0.0023096019687045737
0.25437500000000013       0.0023239028388132915
0.2550000000000001        0.00233829448675386
0.2556250000000001        0.002352777474703385
0.2562500000000001        0.002367352368406981
0.2568750000000001        0.0023820197371998714
0.2575000000000001        0.0023967801540296326
0.25812500000000016       0.002411634195478568
0.25875000000000015       0.0024265824417862365
0.25937500000000013       0.0024416254768721197
0.2600000000000001        0.0024567638883584296
0.2606250000000001        0.002471998267593064
0.2612500000000001        0.0024873292096727053
0.2618750000000001        0.002502757313466069
0.2625000000000001        0.0025182831816372995
0.26312500000000016       0.0025339074206695055
0.26375000000000015       0.002549630640888457
0.26437500000000014       0.00256545345648643
0.2650000000000001        0.00258137648554619
0.2656250000000001        0.002597400350065145
0.2662500000000001        0.0026135256759796397
0.2668750000000001        0.002629753093189405
0.2675000000000001        0.002646083235582169
0.26812500000000017       0.002662516741058414
0.26875000000000016       0.0026790542515562972
0.26937500000000014       0.00269569641307673
0.27000000000000013       0.0027124438757086112
0.2706250000000001        0.0027292972936542215
0.2712500000000001        0.0027462573252547786
0.2718750000000001        0.0027633246330161566
0.27250000000000013       0.002780499883634767
0.2731250000000002        0.002797783748023597
0.27375000000000016       0.002815176901338421
0.27437500000000015       0.0028326800230041803
0.27500000000000013       0.002850293796741516
0.2756250000000001        0.002868018910593482
0.2762500000000001        0.0028858560569524237
0.2768750000000001        0.002903805932587021
0.2775000000000001        0.002921869238669512
0.27812500000000007       0.0029400466808030797
0.27875000000000005       0.00295833896904942
0.27937500000000004       0.002976746817956476
0.2800000000000001        0.002995270946586354
0.2806250000000001        0.0030139120785434084
0.2812500000000001        0.003032670942002512
0.2818750000000001        0.003051548269737504
0.2825000000000001        0.0030705447991498124
0.28312500000000007       0.003089661272297259
0.28375000000000006       0.00310889843592305
0.28437500000000004       0.0031282570414849437
0.28500000000000003       0.0031477378451846096
0.285625                  0.003167341607997166
0.28625                   0.003187069095700908
0.286875                  0.003206921078907222
0.28750000000000003       0.003226898333090691
0.2881250000000001        0.0032470016386193833
0.28875000000000006       0.0032672317807853394
0.28937500000000005       0.003287589549835254
0.29000000000000004       0.0033080757410013403
0.290625                  0.0033286911545323977
0.29125                   0.003349436595725072
0.291875                  0.0033703128749553155
0.29250000000000004       0.0033913208077100457
0.2931250000000001        0.0034124612146189948
0.29375000000000007       0.0034337349214867722
0.29437500000000005       0.0034551427593251293
0.29500000000000004       0.003476685564385413
0.295625                  0.003498364178191242
0.29625                   0.0035201794475713728
0.296875                  0.003542132224692788
0.29750000000000004       0.0035642233670939833
0.2981250000000001        0.0035864537377184634
0.29875000000000007       0.0036088242049484563
0.29937500000000006       0.0036313356426388396
0.30000000000000004       0.003653988930151273
0.30062500000000003       0.0036767849523885506
0.30125                   0.003699724599829173
0.301875                  0.0037228087685621295
0.30250000000000005       0.003746038360321909
0.3031250000000001        0.0037694142825237197
0.3037500000000001        0.0037929374482989385
0.30437500000000006       0.003816608776530791
0.30500000000000005       0.00384042919189024
0.30562500000000004       0.0038643996248721086
0.3062500000000001        0.003888521011831434
0.3068750000000001        0.003912794295020039
0.3075000000000001        0.003937220422623345
0.3081250000000001        0.003961800348797421
0.3087500000000001        0.003986535033706247
0.30937500000000007       0.004011425443559227
0.3100000000000001        0.004036472550648939
0.31062500000000015       0.004061677333389108
0.31125000000000014       0.004087040776352831
0.3118750000000001        0.004112563870311052
0.3125000000000001        0.004138247612271255
0.3131250000000001        0.004164093005516411
0.3137500000000001        0.004190101059644179
0.31437500000000007       0.004216272790606347
0.3150000000000001        0.004242609220748515
0.31562500000000016       0.004269111378850032
0.31625000000000014       0.0042957803001641955
0.31687500000000013       0.004322617026458688
0.3175000000000001        0.004349622606056277
0.3181250000000001        0.004376798093875769
0.3187500000000001        0.004404144551473214
0.3193750000000001        0.004431663047083387
0.3200000000000001        0.004459354655661516
0.32062500000000016       0.004487220458925267
0.32125000000000015       0.004515261545397013
0.32187500000000013       0.004543479010446359
0.3225000000000001        0.004571873956332927
0.3231250000000001        0.004600447492249423
0.3237500000000001        0.004629200734364967
0.3243750000000001        0.004658134805868694
0.32500000000000007       0.004687250837013638
0.32562500000000005       0.004716549965160884
0.32625000000000004       0.004746033334824004
0.326875                  0.004775702097713764
0.32750000000000007       0.004805557412783126
0.3281250000000001        0.004835600446272508
0.3287500000000001        0.004865832371755363
0.3293750000000001        0.00489625437018402
0.33000000000000007       0.004926867629935816
0.33062500000000006       0.004957673346859528
0.33125000000000004       0.004988672724322089
0.33187500000000003       0.005019866973255595
0.3325000000000001        0.005051257312204624
0.3331250000000001        0.005082844967373826
0.3337500000000001        0.005114631172675837
0.3343750000000001        0.005146617169779485
0.3350000000000001        0.005178804208158295
0.33562500000000006       0.005211193545139303
0.33625000000000005       0.0052437864459521765
0.33687500000000004       0.005276584183778644
0.3375000000000001        0.005309588039802238
0.3381250000000001        0.00534279930325834
0.3387500000000001        0.005376219271484549
0.3393750000000001        0.005409849249971377
0.3400000000000001        0.0054436905524132394
0.34062500000000007       0.005477744500759783
0.34125000000000005       0.005512012425267528
0.34187500000000004       0.005546495664551843
0.3425000000000001        0.00558119556563924
0.3431250000000001        0.005616113484019999
0.3437500000000001        0.005651250783701119
0.3443750000000001        0.005686608837259622
0.3450000000000001        0.005722189025896165
0.34562500000000007       0.005757992739489005
0.3462500000000001        0.005794021376648302
0.34687500000000016       0.005830276344770751
0.34750000000000014       0.005866759060094572
0.34812500000000013       0.005903470947754847
0.3487500000000001        0.005940413441839193
0.3493750000000001        0.005977587985443786
0.35000000000000014       0.006014996030729749
0.3506250000000002        0.006052639038979877
0.3512500000000002        0.006090518480655729
0.35187500000000016       0.006128635835455092
0.35250000000000015       0.006166992592369772
0.35312500000000013       0.006205590249743781
0.3537500000000001        0.006244430315331869
0.3543750000000001        0.006283514306358435
0.3550000000000001        0.0063228437495768
0.3556250000000001        0.006362420181328861
0.35625000000000007       0.006402245147605114
0.35687500000000005       0.006442320204105054
0.3575000000000001        0.0064826469162979575
0.35812500000000014       0.006523226859484041
0.3587500000000001        0.006564061618856009
0.3593750000000001        0.006605152789560999
0.3600000000000001        0.0066465019767628876
0.3606250000000001        0.006688110795705016
0.36125000000000007       0.006729980871773291
0.36187500000000006       0.006772113840559692
0.3625000000000001        0.006814511347926183
0.36312500000000014       0.006857175050068998
0.36375000000000013       0.0069001066135833625
0.3643750000000001        0.006943307715528616
0.3650000000000001        0.006986780043493721
0.3656250000000001        0.007030525295663211
0.3662500000000001        0.00707454518088353
0.36687500000000006       0.0071188414187298085
0.3675000000000001        0.007163415739573045
0.36812500000000015       0.007208269884647712
0.36875000000000013       0.007253405606119786
0.3693750000000001        0.007298824667155228
0.3700000000000001        0.0073445288419888505
0.3706250000000001        0.007390519915993647
0.3712500000000001        0.0074367996857505544
0.37187500000000007       0.007483369959118648
0.3725000000000001        0.0075302325553057775
0.37312500000000015       0.0075773893049396425
0.37375000000000014       0.007624842050139324
0.3743750000000001        0.007672592644587268
0.3750000000000001        0.007720642953601709
0.3756250000000001        0.0077689948542095455
0.3762500000000001        0.007817650235219692
0.37687500000000007       0.007866610997296875
0.37750000000000006       0.007915879053035903
0.37812500000000004       0.00796545632703639
0.37875000000000003       0.008015344755977963
0.379375                  0.00806554628869594
0.38000000000000006       0.008116062886257465
0.3806250000000001        0.008166896522038143
0.3812500000000001        0.008218049181799142
0.3818750000000001        0.008269522863764799
0.38250000000000006       0.008321319578700687
0.38312500000000005       0.00837344134999219
0.38375000000000004       0.008425890213723562
0.384375                  0.00847866821875749
0.38500000000000006       0.008531777426815159
0.3856250000000001        0.008585219912556792
0.3862500000000001        0.008638997763662741
0.3868750000000001        0.008693113080915063
0.38750000000000007       0.008747567978279601
0.38812500000000005       0.00880236458298859
0.38875000000000004       0.008857505035623776
0.389375                  0.00891299149020008
0.39000000000000007       0.008968826114249751
0.3906250000000001        0.009025011088907067
0.3912500000000001        0.009081548608993567
0.3918750000000001        0.009138440883103836
0.39250000000000007       0.009195690133691784
0.39312500000000006       0.009253298597157516
0.3937500000000001        0.009311268523934707
0.39437500000000014       0.009369602178578547
0.39500000000000013       0.009428301839854238
0.3956250000000001        0.009487369800826049
0.3962500000000001        0.00954680836894692
0.3968750000000001        0.009606619866148627
0.39750000000000013       0.009666806628932536
0.3981250000000002        0.009727371008460887
0.39875000000000016       0.009788315370648688
0.39937500000000015       0.00984964209625618
0.40000000000000013       0.009911353580981873
0.4006250000000001        0.009973452235556153
0.4012500000000001        0.01003594048583551
0.4018750000000001        0.010098820772897336
0.40250000000000014       0.01016209555313532
0.4031250000000002        0.010225767298355441
0.40375000000000016       0.010289838495872575
0.40437500000000015       0.010354311648607705
0.40500000000000014       0.01041918927518573
0.4056250000000001        0.010484473910033902
0.4062500000000001        0.010550168103480865
0.4068750000000001        0.01061627442185634
0.4075000000000001        0.010682795447591412
0.40812500000000007       0.010749733779319466
0.40875000000000006       0.010817092031977742
0.40937500000000004       0.010884872836909535
0.4100000000000001        0.010953078841967044
0.41062500000000013       0.01102171271161484
0.4112500000000001        0.011090777127034011
0.4118750000000001        0.011160274786226975
0.4125000000000001        0.0112302084041229
0.4131250000000001        0.011300580712683828
0.41375000000000006       0.011371394461011448
0.41437500000000005       0.01144265241545455
0.4150000000000001        0.01151435735971715
0.41562500000000013       0.011586512094967276
0.4162500000000001        0.011659119439946464
0.4168750000000001        0.01173218223107995
0.4175000000000001        0.01180570332258751
0.4181250000000001        0.011879685586595027
0.41875000000000007       0.011954131913246763
0.41937500000000005       0.01202904521081832
0.4200000000000001        0.012104428405830325
0.42062500000000014       0.0121802844431628
0.4212500000000001        0.01225661628617029
0.4218750000000001        0.01233342691679771
0.4225000000000001        0.012410719335696875
0.4231250000000001        0.012488496562343814
0.42375000000000007       0.01256676163515679
0.42437500000000006       0.012645517611615075
0.42500000000000004       0.012724767568378472
0.42562500000000003       0.012804514601407573
0.42625                   0.012884761826084787
0.426875                  0.012965512377336137
0.42750000000000005       0.013046769409753793
0.4281250000000001        0.013128536097719391
0.4287500000000001        0.013210815635528124
0.42937500000000006       0.013293611237513646
0.43000000000000005       0.013376926138173697
0.43062500000000004       0.013460763592296567
0.43125                   0.01354512687508833
0.431875                  0.013630019282300886
0.43250000000000005       0.013715444130360828
0.4331250000000001        0.01380140475649906
0.4337500000000001        0.013887904518881285
0.43437500000000007       0.01397494679673932
0.43500000000000005       0.014062534990503184
0.43562500000000004       0.014150672521934042
0.43625                   0.014239362834258005
0.436875                  0.014328609392300731
0.43750000000000006       0.01441841568262292
0.4381250000000001        0.014508785213656592
0.4387500000000001        0.014599721515842297
0.43937500000000007       0.014691228141767149
0.44000000000000006       0.01478330866630373
0.44062500000000004       0.01487596668674985
0.44125000000000003       0.014969205822969237
0.441875                  0.015063029717533044
0.44250000000000006       0.015157442035862315
0.4431250000000001        0.015252446466371269
0.4437500000000001        0.015348046720611559
0.4443750000000001        0.015444246533417402
0.44500000000000006       0.01554104966305163
0.44562500000000005       0.015638459891352628
0.4462500000000001        0.015736481023882257
0.44687500000000013       0.01583511689007463
0.4475000000000001        0.015934371343385892
0.4481250000000001        0.016034248261444936
0.4487500000000001        0.016134751546205008
0.4493750000000001        0.016235885124096305
0.4500000000000001        0.01633765294617957
0.45062500000000016       0.016440058988300556
0.45125000000000015       0.016543107251245543
0.45187500000000014       0.016646801760897837
0.4525000000000001        0.016751146568395187
0.4531250000000001        0.01685614575028823
0.4537500000000001        0.01696180340869997
0.4543750000000001        0.017068123671486166
0.45500000000000007       0.017175110692396828
0.45562500000000006       0.017282768651238657
0.45625000000000004       0.017391101754038556
0.45687500000000003       0.01750011423320813
0.4575                    0.01760981034770926
0.458125                  0.017720194383220672
0.45875                   0.017831270652305595
0.459375                  0.017943043494580455
0.46                      0.018055517276884637
0.46062500000000006       0.018168696393451294
0.46125000000000005       0.01828258526607925
0.46187500000000004       0.01839718834430602
0.4625                    0.018512510105581834
0.463125                  0.018628555055444817
0.46375000000000005       0.01874532772769728
0.4643750000000001        0.018862832684583053
0.4650000000000001        0.018981074516965995
0.46562500000000007       0.019100057844509643
0.46625000000000005       0.019219787315857932
0.46687500000000004       0.01934026760881707
0.4675000000000001        0.019461503430538596
0.4681250000000001        0.019583499517703513
0.4687500000000001        0.01970626063670767
0.4693750000000001        0.01982979158384827
0.4700000000000001        0.01995409718551154
0.47062500000000007       0.020079182298361586
0.47125000000000006       0.020205051809530458
0.47187500000000004       0.020331710636809382
0.4725000000000001        0.020459163728841243
0.47312500000000013       0.020587416065314217
0.4737500000000001        0.020716472657156645
0.4743750000000001        0.020846338546733206
0.4750000000000001        0.020977018808042203
0.4756250000000001        0.021108518546914184
0.47625000000000006       0.02124084290121176
0.47687500000000005       0.021373997041030716
0.4775000000000001        0.02150798616890239
0.47812500000000013       0.021642815519997256
0.4787500000000001        0.02177849036232991
0.4793750000000001        0.021915015996965267
0.4800000000000001        0.022052397758226067
0.4806250000000001        0.022190641013901682
0.48125000000000007       0.02232975116545828
0.48187500000000005       0.022469733648250258
0.4825000000000001        0.022610593931733057
0.48312500000000014       0.02275233751967727
0.4837500000000001        0.022894969950384148
0.4843750000000001        0.023038496796902435
0.4850000000000001        0.023182923667246585
0.4856250000000001        0.02332825620461632
0.4862500000000001        0.02347450008761764
0.48687500000000017       0.023621661030485127
0.48750000000000016       0.02376974478330573
0.48812500000000014       0.023918757132244
0.48875000000000013       0.024068703899768586
0.4893750000000001        0.024219590944880326
0.49000000000000016       0.024371424163341697
0.4906250000000002        0.02452420948790767
0.4912500000000002        0.024677952888558133
0.4918750000000002        0.024832660372731723
0.49250000000000016       0.024988337985561104
0.49312500000000015       0.025144991810109766
0.4937500000000002        0.025302627967610312
0.49437500000000023       0.025461252617704235
0.4950000000000002        0.025620871958683202
0.4956250000000002        0.025781492227731954
0.4962500000000002        0.025943119701172572
0.4968750000000002        0.026105760694710434
0.4975000000000002        0.02626942156368164
0.49812500000000026       0.026434108703302015
0.49875000000000025       0.0265998285489177
0.49937500000000024       0.026766587576257356
0.5000000000000002        0.026934392301685883
0.5006250000000002        0.027103249282459795
0.5012500000000002        0.02727316511698418
0.5018750000000002        0.027444146445071337
0.5025000000000002        0.02761619994820095
0.5031250000000002        0.027789332349782012
0.5037500000000001        0.027963550415416333
0.5043750000000001        0.028138860953163744
0.5050000000000001        0.028315270813808944
0.5056250000000001        0.0284927868911301
0.5062500000000001        0.028671416122169058
0.5068750000000001        0.028851165487503334
0.5075000000000001        0.029032042011519786
0.508125                  0.029214052762690023
0.50875                   0.02939720485384757
0.5093750000000001        0.029581505442466786
0.5100000000000001        0.02976696173094344
0.5106250000000001        0.029953580966877308
0.5112500000000002        0.03014137044335635
0.5118750000000002        0.030330337499242594
0.5125000000000002        0.030520489519460226
0.5131250000000002        0.030711833935285076
0.5137500000000002        0.030904378224636177
0.5143750000000001        0.031098129912369075
0.5150000000000001        0.031293096570571055
0.5156250000000001        0.03148928581885817
0.5162500000000001        0.03168670532467423
0.5168750000000001        0.03188536280359161
0.5175000000000001        0.03208526601961399
0.5181250000000001        0.03228642278548105
0.51875                   0.03248884096297502
0.5193750000000001        0.03269252846322928
0.5200000000000001        0.032897493247038674
0.5206250000000001        0.03310374332517222
0.5212500000000002        0.03331128675868742
0.5218750000000002        0.03352013165924657
0.5225000000000002        0.03373028618943542
0.5231250000000002        0.033941758563083485
0.5237500000000002        0.03415455704558657
0.5243750000000001        0.0343686899542313
0.5250000000000001        0.0345841656585217
0.5256250000000001        0.03480099258050789
0.5262500000000001        0.03501917919511676
0.5268750000000001        0.035238734030484914
0.5275000000000001        0.03545966566829353
0.5281250000000001        0.035681982744105535
0.52875                   0.03590569394770476
0.5293750000000002        0.03613080802343739
0.5300000000000001        0.03635733377055534
0.5306250000000001        0.03658528004356223
0.5312500000000002        0.0368146557525612
0.5318750000000002        0.03704546986360489
0.5325000000000002        0.03727773139904809
0.5331250000000002        0.03751144943790212
0.5337500000000002        0.03774663311619179
0.5343750000000002        0.03798329162731445
0.5350000000000001        0.03822143422240149
0.5356250000000001        0.03846107021068194
0.5362500000000001        0.03870220895984855
0.5368750000000001        0.03894485989642616
0.5375000000000001        0.03918903250614231
0.5381250000000001        0.039434736334300356
0.5387500000000001        0.03968198098615488
0.5393750000000002        0.039930776127289555
0.5400000000000001        0.04018113148399716
0.5406250000000001        0.04043305684366253
0.5412500000000002        0.040686562055147465
0.5418750000000002        0.04094165702917817
0.5425000000000002        0.041198351738735504
0.5431250000000002        0.04145665621944727
0.5437500000000002        0.04171658056998332
0.5443750000000002        0.04197813495245299
0.5450000000000002        0.042241329592805216
0.5456250000000001        0.04250617478123107
0.5462500000000001        0.042772680872568976
0.5468750000000001        0.04304085828671247
0.5475000000000001        0.04331071750902049
0.5481250000000001        0.04358226909073046
0.5487500000000001        0.043855523649373784
0.5493750000000002        0.0441304918691943
0.5500000000000002        0.04440718450156891
0.5506250000000001        0.044685612365431567
0.5512500000000002        0.04496578634769947
0.5518750000000002        0.045247717403701974
0.5525000000000002        0.04553141655761269
0.5531250000000002        0.04581689490288388
0.5537500000000002        0.046104163602683865
0.5543750000000002        0.04639323389033715
0.5550000000000002        0.04668411706976744
0.5556250000000001        0.04697682451594343
0.5562500000000001        0.047271367675327434
0.5568750000000001        0.04756775806632702
0.5575000000000001        0.04786600727974936
0.5581250000000001        0.04816612697925858
0.5587500000000001        0.04846812890183612
0.5593750000000001        0.048772024858243876
0.56                      0.049077826733490454
0.560625                  0.04938554648730036
0.56125                   0.049695196154586216
0.5618750000000001        0.05000678784592402
0.5625000000000001        0.05032033374803127
0.5631250000000001        0.05063584612424865
0.5637500000000002        0.05095333731502429
0.5643750000000002        0.05127281973840123
0.5650000000000002        0.051594305890508424
0.5656250000000002        0.0519178083460544
0.5662500000000001        0.05224333975882437
0.5668750000000001        0.0525709128621805
0.5675000000000001        0.0529005404695653
0.5681250000000001        0.053232235475008424
0.5687500000000001        0.053566010853636596
0.5693750000000002        0.05390187966218696
0.5700000000000002        0.05423985503952338
0.5706250000000002        0.05457995020715677
0.5712500000000003        0.05492217846976809
0.5718750000000002        0.05526655321573484
0.5725000000000002        0.055613087917661515
0.5731250000000002        0.05596179613291273
0.5737500000000002        0.05631269150415026
0.5743750000000002        0.056665787759873396
0.5750000000000002        0.0570210987149628
0.5756250000000002        0.05737863827122795
0.5762500000000002        0.057738420417958035
0.5768750000000001        0.05810045923247645
0.5775000000000001        0.0584647688806989
0.5781250000000001        0.05883136361769516
0.5787500000000001        0.05920025778825433
0.5793750000000002        0.059571465827454
0.5800000000000002        0.05994500226123265
0.5806250000000002        0.06032088170696648
0.5812500000000003        0.06069911887404937
0.5818750000000003        0.06107972856447665
0.5825000000000002        0.06146272567343319
0.5831250000000002        0.06184812518988469
0.5837500000000002        0.06223594219717316
0.5843750000000002        0.06262619187361618
0.5850000000000002        0.06301888949311008
0.5856250000000002        0.06341405042573701
0.5862500000000002        0.06381169013837606
0.5868750000000001        0.06421182419531823
0.5875000000000001        0.06461446825888555
0.5881250000000001        0.06501963809005404
0.5887500000000001        0.06542734954908104
0.5893750000000002        0.06583761859613643
0.5900000000000002        0.06625046129193773
0.5906250000000002        0.06666589379839008
0.5912500000000003        0.06708393237922973
0.5918750000000003        0.06750459340067173
0.5925000000000002        0.06792789333206259
0.5931250000000002        0.06835384874653638
0.5937500000000002        0.06878247632167554
0.5943750000000002        0.06921379284017605
0.5950000000000002        0.06964781519051672
0.5956250000000002        0.07008456036763318
0.5962500000000002        0.070524045473596
0.5968750000000002        0.07096628771829358
0.5975000000000001        0.07141130442011918
0.5981250000000001        0.07185911300666277
0.5987500000000001        0.07230973101540729
0.5993750000000001        0.0727631760944295
0.6000000000000001        0.0732194660031055
0.6006250000000001        0.07367861861282088
0.6012500000000001        0.0741406519076855
0.601875                  0.07460558398525315
0.6025                    0.07507343305724574
0.603125                  0.07554421745028247
0.60375                   0.07601795560661379
0.6043750000000001        0.07649466608486008
0.6050000000000001        0.07697436756075524
0.6056250000000001        0.07745707882789563
0.6062500000000002        0.07794281879849342
0.6068750000000002        0.07843160650413497
0.6075000000000002        0.07892346109654487
0.6081250000000001        0.07941840184835432
0.6087500000000001        0.07991644815387505
0.6093750000000001        0.08041761952987822
0.6100000000000001        0.08092193561637859
0.6106250000000001        0.08142941617742384
0.6112500000000001        0.08194008110188934
0.6118750000000002        0.08245395040427796
0.6125000000000002        0.08297104422552519
0.6131250000000001        0.08349138283381025
0.6137500000000002        0.0840149866253719
0.6143750000000002        0.08454187612532978
0.6150000000000002        0.085072071988512
0.6156250000000002        0.08560559500028732
0.6162500000000002        0.0861424660774035
0.6168750000000002        0.08668270626883116
0.6175000000000002        0.08722633675661316
0.6181250000000001        0.0877733788567199
0.6187500000000001        0.0883238540199103
0.6193750000000002        0.08887778383259864
0.6200000000000002        0.08943519001772675
0.6206250000000002        0.0899960944356432
0.6212500000000003        0.09056051908498741
0.6218750000000003        0.0911284861035798
0.6225000000000003        0.09170001776931878
0.6231250000000003        0.09227513650108299
0.6237500000000002        0.09285386485963995
0.6243750000000002        0.09343622554856094
0.6250000000000002        0.09402224141514202
0.6256250000000002        0.0946119354513313
0.6262500000000002        0.09520533079466255
0.6268750000000002        0.09580245072919527
0.6275000000000002        0.09640331868646089
0.6281250000000002        0.09700795824641578
0.6287500000000001        0.09761639313840044
0.6293750000000001        0.09822864724210556
0.6300000000000001        0.09884474458854449
0.6306250000000001        0.09946470936103236
0.6312500000000001        0.1000885658961721
0.6318750000000001        0.10071633868484703
0.6325000000000001        0.10134805237322041
0.633125                  0.1019837317637418
0.63375                   0.10262340181616043
0.6343750000000001        0.10326708764854554
0.6350000000000001        0.10391481453831332
0.6356250000000001        0.10456660792326204
0.6362500000000002        0.10522249340261332
0.6368750000000002        0.10588249673806063
0.6375000000000002        0.10654664385482604
0.6381250000000002        0.10721496084272321
0.6387500000000002        0.1078874739572284
0.6393750000000001        0.10856420962055865
0.6400000000000001        0.10924519442275765
0.6406250000000001        0.10993045512278905
0.6412500000000001        0.11062001864963757
0.6418750000000001        0.11131391210341758
0.6425000000000001        0.11201216275648976
0.6431250000000001        0.11271479805458517
0.64375                   0.11342184561793765
0.6443750000000001        0.11413333324242401
0.6450000000000001        0.11484928890071171
0.6456250000000001        0.11556974074341589
0.6462500000000002        0.11629471710026348
0.6468750000000002        0.11702424648126541
0.6475000000000002        0.11775835757789842
0.6481250000000002        0.11849707926429374
0.6487500000000002        0.11924044059843518
0.6493750000000001        0.1199884708233652
0.6500000000000001        0.12074119936839994
0.6506250000000001        0.12149865585035267
0.6512500000000001        0.12226087007476603
0.6518750000000001        0.12302787203715307
0.6525000000000001        0.12379969192424724
0.6531250000000001        0.12457636011526127
0.65375                   0.12535790718315507
0.6543750000000002        0.12614436389591294
0.6550000000000001        0.12693576121782915
0.6556250000000001        0.12773213031080458
0.6562500000000002        0.12853350253565068
0.6568750000000002        0.12933990945340393
0.6575000000000002        0.13015138282664998
0.6581250000000002        0.13096795462085686
0.6587500000000002        0.1317896570057181
0.6593750000000002        0.1326165223565057
0.6600000000000001        0.13344858325543268
0.6606250000000001        0.13428587249302615
0.6612500000000001        0.13512842306950976
0.6618750000000001        0.13597626819619665
0.6625000000000001        0.13682944129689262
0.6631250000000001        0.1376879760093095
0.6637500000000001        0.13855190618648902
0.664375                  0.1394212658982371
0.665                     0.1402960894325688
0.665625                  0.14117641129716393
0.66625                   0.14206226622083357
0.666875                  0.14295368915499718
0.6675                    0.14385071527517115
0.668125                  0.14475337998246818
0.66875                   0.1456617189051077
0.669375                  0.14657576789993826
0.67                      0.14749556305396994
0.670625                  0.14842114068592036
0.6712500000000001        0.14935253734777063
0.6718750000000001        0.15028978982633315
0.6725000000000001        0.15123293514483244
0.6731250000000001        0.15218201056449693
0.6737500000000001        0.15313705358616286
0.6743750000000001        0.15409810195189083
0.675                     0.15506519364659432
0.675625                  0.15603836689968084
0.67625                   0.15701766018670546
0.676875                  0.1580031122310371
0.6775                    0.1589947620055378
0.678125                  0.1599926487342544
0.67875                   0.16099681189412385
0.6793750000000001        0.16200729121669163
0.68                      0.16302412668984245
0.680625                  0.16404735855954633
0.6812500000000001        0.1650770273316168
0.6818750000000001        0.16611317377348245
0.6825000000000001        0.16715583891597416
0.6831250000000001        0.16820506405512467
0.6837500000000001        0.1692608907539828
0.6843750000000001        0.17032336084444202
0.685                     0.17139251642908357
0.685625                  0.17246839988303372
0.68625                   0.17355105385583616
0.686875                  0.17464052127333904
0.6875                    0.175736845339597
0.688125                  0.1768400695387887
0.68875                   0.17795023763714918
0.6893750000000001        0.1790673936849183
0.6900000000000001        0.18019158201830382
0.690625                  0.18132284726146197
0.6912500000000001        0.18246123432849265
0.6918750000000001        0.18360678842545045
0.6925000000000001        0.184759555052374
0.6931250000000001        0.1859195800053297
0.6937500000000001        0.18708690937847325
0.6943750000000001        0.18826158956612768
0.6950000000000001        0.18944366726487866
0.695625                  0.19063318947568667
0.69625                   0.19183020350601707
0.696875                  0.19303475697198733
0.6975                    0.19424689780053228
0.698125                  0.19546667423158737
0.69875                   0.19669413482029
0.6993750000000001        0.19792932843919953
0.7000000000000001        0.19917230428053473
0.700625                  0.20042311185843237
0.7012500000000002        0.20168180101122277
0.7018750000000001        0.20294842190372445
0.7025000000000001        0.20422302502956044
0.7031250000000001        0.20550566121349184
0.7037500000000001        0.2067963816137725
0.7043750000000001        0.20809523772452357
0.7050000000000001        0.20940228137812833
0.7056250000000001        0.2107175647476476
0.70625                   0.21204114034925628
0.706875                  0.21337306104470027
0.7075                    0.21471338004377546
0.708125                  0.21606215090682768
0.70875                   0.21741942754727475
0.7093750000000001        0.21878526423415082
0.7100000000000001        0.22015971559467168
0.7106250000000001        0.2215428366168251
0.7112500000000002        0.22293468265198205
0.7118750000000001        0.2243353094175307
0.7125000000000001        0.22574477299953633
0.7131250000000001        0.2271631298554222
0.7137500000000001        0.22859043681667587
0.7143750000000001        0.2300267510915793
0.7150000000000001        0.2314721302679637
0.7156250000000001        0.23292663231598904
0.71625                   0.23439031559094883
0.716875                  0.23586323883610041
0.7175                    0.2373454611855208
0.718125                  0.23883704216698895
0.71875                   0.24033804170489412
0.7193750000000001        0.2418485201231714
0.7200000000000001        0.24336853814826306
0.7206250000000001        0.24489815691210992
0.7212500000000002        0.2464374379551679
0.7218750000000002        0.24798644322945299
0.7225000000000001        0.24954523510161705
0.7231250000000001        0.25111387635604954
0.7237500000000001        0.25269243019801013
0.7243750000000001        0.25428096025679026
0.7250000000000001        0.25587953058890495
0.7256250000000001        0.2574882056813149
0.7262500000000001        0.2591070504546793
0.726875                  0.2607361302666397
0.7275                    0.2623755109151358
0.728125                  0.26402525864175236
0.72875                   0.26568544013509987
0.7293750000000001        0.26735612253422675
0.7300000000000001        0.26903737343206474
0.7306250000000001        0.27072926087890986
0.7312500000000002        0.27243185338593573
0.7318750000000002        0.27414521992874064
0.7325000000000002        0.2758694299509332
0.7331250000000001        0.27760455336774986
0.7337500000000001        0.2793506605697105
0.7343750000000001        0.2811078224263096
0.7350000000000001        0.28287611028974535
0.7356250000000001        0.28465559599868523
0.7362500000000001        0.2864463518820706
0.7368750000000001        0.2882484507629591
0.7375                    0.2900619659624064
0.738125                  0.29188697130338803
0.73875                   0.2937235411147606
0.739375                  0.29557175023526455
0.74                      0.29743167401756765
0.740625                  0.29930338833235076
0.74125                   0.301186969572436
0.7418750000000001        0.3030824946569584
0.7425                    0.30499004103557953
0.743125                  0.30690968669274893
0.7437500000000001        0.3088415101520073
0.7443750000000001        0.3107855904803357
0.7450000000000001        0.31274200729255397
0.7456250000000001        0.31471084075576233
0.7462500000000001        0.31669217159383284
0.7468750000000001        0.31868608109194885
0.7475                    0.320692651101193
0.748125                  0.32271196404318575
0.74875                   0.3247441029147738
0.7493750000000001        0.3267891512927703
0.7500000000000001        0.32884719333874585
0.7506250000000001        0.3309183138038749
0.7512500000000002        0.3330025980338332
0.7518750000000002        0.3351001319737497
0.7525000000000002        0.33721100217321665
0.7531250000000002        0.3393352957913521
0.7537500000000001        0.3414731006019212
0.7543750000000001        0.34362450499851527
0.7550000000000001        0.345789597999789
0.7556250000000001        0.34796846925475716
0.7562500000000001        0.35016120904815284
0.7568750000000001        0.3523679083058456
0.7575000000000001        0.3545886586003229
0.758125                  0.356823552156235
0.75875                   0.35907268185600333
0.7593750000000001        0.36133614124549546
0.7600000000000001        0.3636140245397641
0.7606250000000001        0.3659064266288575
0.7612500000000002        0.368213443083694
0.7618750000000002        0.3705351701620082
0.7625000000000002        0.3728717048143686
0.7631250000000002        0.3752231446902652
0.7637500000000002        0.37758958814427124
0.7643750000000001        0.37997113424227835
0.7650000000000001        0.38236788276780764
0.7656250000000001        0.38477993422839696
0.7662500000000001        0.3872073898620657
0.7668750000000001        0.3896503516438592
0.7675000000000001        0.3921089222924729
0.7681250000000001        0.39458320527695856
0.76875                   0.3970733048235134
0.769375                  0.3995793259223529
0.77                      0.4021013743346707
0.770625                  0.40463955659968426
0.77125                   0.40719398004177004
0.771875                  0.4097647527776885
0.7725                    0.4123519837239004
0.773125                  0.41495578260397714
0.7737499999999999        0.41757625995610453
0.7743749999999999        0.4202135271406843
0.7749999999999999        0.42286769634803206
0.7756249999999999        0.4255388806061765
0.7762499999999999        0.4282271937887586
0.7768749999999999        0.43093275062303465
0.7774999999999999        0.43365566669798356
0.7781249999999998        0.43639605847252155
0.7787499999999998        0.43915404328382474
0.7793749999999999        0.4419297393557628
0.7799999999999999        0.44472326580744226
0.7806249999999999        0.44753474266186966
0.78125                   0.4503642908547255
0.781875                  0.4532120322432575
0.7825                    0.45607808961529794
0.783125                  0.45896258669839907
0.78375                   0.4618656481690954
0.7843749999999999        0.464787399662293
0.7849999999999999        0.4677279677807866
0.7856249999999999        0.47068748010491024
0.7862499999999999        0.4736660652023197
0.786875                  0.4766638526379134
0.7875                    0.47968097298388823
0.788125                  0.4827175578299428
0.7887500000000001        0.48577373979361915
0.789375                  0.48884965253079105
0.79                      0.4919454307463064
0.790625                  0.49506121020477634
0.79125                   0.4981971277415209
0.791875                  0.5013533212736727
0.7925                    0.5045299298114402
0.793125                  0.5077270934695352
0.79375                   0.5109449534787659
0.7943749999999999        0.5141836521978006
0.7949999999999999        0.5174433331251036
0.7956249999999999        0.5207241409110465
0.7962499999999999        0.5240262213702004
0.7968749999999999        0.5273497214938097
0.7974999999999999        0.5306947894624524
0.7981249999999999        0.5340615746588904
0.7987499999999998        0.5374502276811131
0.799375                  0.5408609003555781
0.7999999999999999        0.5442937457506515
0.8006249999999999        0.5477489181902568
0.80125                   0.551226573267729
0.801875                  0.5547268678598803
0.8025                    0.558249960141289
0.803125                  0.5617960095988033
0.80375                   0.5653651770462728
0.804375                  0.5689576246395114
0.8049999999999999        0.5725735158914923
0.8056249999999999        0.5762130156877845
0.8062499999999999        0.5798762903022309
0.806875                  0.5835635074128773
0.8075                    0.5872748361181521
0.808125                  0.5910104469533103
0.8087500000000001        0.5947705119071355
0.8093750000000001        0.5985552044389127
0.81                      0.6023646994956809
0.810625                  0.6061991735297588
0.81125                   0.6100588045165612
0.811875                  0.6139437719727058
0.8125                    0.617854256974418
0.813125                  0.62179044217624
0.81375                   0.6257525118300505
0.8143750000000001        0.6297406518044002
0.8150000000000001        0.6337550496041693
0.815625                  0.6377958943905605
0.8162500000000001        0.6418633770014228
0.8168750000000001        0.6459576899719203
0.8175000000000001        0.6500790275555565
0.8181250000000001        0.6542275857455523
0.8187500000000001        0.6584035622965926
0.8193750000000001        0.6626071567469464
0.8200000000000001        0.6668385704409683
0.820625                  0.6710980065519907
0.82125                   0.6753856701056147
0.821875                  0.6797017680034072
0.8225                    0.6840465090470145
0.823125                  0.6884201039626996
0.82375                   0.6928227654263152
0.824375                  0.697254708088719
0.825                     0.7017161486016423
0.8256249999999999        0.7062073056440219
0.8262499999999999        0.7107283999488055
0.8268749999999999        0.7152796543302407
0.8274999999999999        0.7198612937116577
0.8281249999999999        0.7244735451537596
0.8287499999999999        0.7291166378834268
0.829375                  0.7337908033230529
0.83                      0.7384962751204145
0.830625                  0.7432332891791041
0.83125                   0.7480020836895183
0.831875                  0.7528028991604242
0.8325                    0.7576359784511255
0.833125                  0.762501566804223
0.83375                   0.7673999118789976
0.834375                  0.7723312637854263
0.835                     0.7772958751188436
0.835625                  0.7822940009952667
0.8362499999999999        0.7873258990873959
0.8368749999999999        0.7923918296613104
0.8374999999999999        0.7974920556138727
0.8381249999999999        0.8026268425108591
0.8387499999999999        0.807796458625834
0.839375                  0.8130011749797857
0.84                      0.8182412653815364
0.840625                  0.8235170064689602
0.84125                   0.8288286777510078
0.841875                  0.8341765616505691
0.8425                    0.8395609435482
0.843125                  0.8449821118267168
0.84375                   0.8504403579166951
0.844375                  0.8559359763428862
0.845                     0.8614692647715793
0.845625                  0.867040524058927
0.84625                   0.8726500583002635
0.8468749999999999        0.8782981748804359
0.8474999999999999        0.8839851845251749
0.8481249999999999        0.8897114013535329
0.8487499999999999        0.8954771429314136
0.849375                  0.901282730326222
0.85                      0.907128488162659
0.850625                  0.9130147446797026
0.8512500000000001        0.918941831788787
0.851875                  0.9249100851332206
0.8525                    0.9309198441488827
0.853125                  0.9369714521262129
0.85375                   0.9430652562735414
0.854375                  0.9492016077817897
0.855                     0.9553808618905787
0.855625                  0.9616033779557787
0.85625                   0.9678695195185426
0.856875                  0.9741796543758605
0.8575                    0.9805341546526687
0.858125                  0.9869333968755738
0.8587500000000001        0.993377762048211
0.8593750000000001        0.9998676357282924
0.8600000000000001        1.0064034081064004
0.8606250000000001        1.0129854740865518
0.8612500000000001        1.019614233368598
0.8618750000000001        1.0262900905325043
0.8625                    1.0330134551245616
0.863125                  1.0397847417455826
0.86375                   1.0466043701411394
0.864375                  1.0534727652938967
0.865                     1.0603903575181004
0.865625                  1.0673575825562818
0.86625                   1.0743748816782417
0.866875                  1.0814427017823742
0.8674999999999999        1.0885614954994023
0.8681249999999999        1.0957317212985886
0.8687499999999999        1.1029538435964972
0.869375                  1.1102283328683784
0.87                      1.1175556657622443
0.870625                  1.1249363252157356
0.8712500000000001        1.1323708005758326
0.8718750000000001        1.1398595877215087
0.8725                    1.1474031891894243
0.873125                  1.1550021143027245
0.87375                   1.1626568793030552
0.874375                  1.1703680074858844
0.875                     1.1781360293392282
0.875625                  1.1859614826858893
0.87625                   1.193844912829306
0.8768750000000001        1.201786872703134
0.8775000000000001        1.2097879230246562
0.878125                  1.217848632452169
0.8787500000000001        1.2259695777464317
0.8793750000000001        1.234151343936329
0.8800000000000001        1.2423945244888823
0.8806250000000001        1.2506997214837223
0.8812500000000001        1.2590675457921872
0.8818750000000001        1.267498617261182
0.8825000000000001        1.2759935649019536
0.883125                  1.2845530270839398
0.88375                   1.2931776517338536
0.8843750000000001        1.301868096540178
0.8850000000000001        1.3106250291632349
0.8856250000000001        1.3194491274510336
0.8862500000000002        1.3283410796610644
0.8868750000000002        1.3373015846882432
0.8875000000000002        1.3463313522992275
0.8881250000000002        1.3554311033732902
0.8887500000000002        1.36460157014999
0.8893750000000001        1.3738434964838653
0.8900000000000001        1.3831576381063866
0.8906250000000001        1.3925447628954206
0.8912500000000001        1.4020056511524603
0.8918750000000001        1.4115410958878956
0.8925000000000001        1.4211519031145958
0.8931250000000001        1.4308388921501065
0.89375                   1.4406028959277524
0.894375                  1.4504447613169715
0.895                     1.4603653494532025
0.895625                  1.470365536077673
0.89625                   1.4804462118874413
0.896875                  1.4906082828960676
0.8975                    1.5008526708052998
0.898125                  1.5111803133881796
0.8987499999999999        1.5215921648839896
0.899375                  1.5320891964054852
0.9                       1.5426723963588576
0.900625                  1.553342770876936
0.9012500000000001        1.5641013442660956
0.9018750000000001        1.574949159467408
0.9025000000000001        1.5858872785325984
0.9031250000000001        1.5969167831153463
0.90375                   1.6080387749785525
0.904375                  1.6192543765181855
0.905                     1.6305647313043599
0.905625                  1.641971004640334
0.90625                   1.6534743841401338
0.906875                  1.665076080325558
0.9075                    1.6767773272433417
0.908125                  1.6885793831033002
0.90875                   1.700483530938314
0.9093749999999999        1.7124910792870505
0.9099999999999999        1.7246033629003736
0.9106249999999999        1.736821743472423
0.9112499999999999        1.7491476103974062
0.911875                  1.761582381553197
0.9125                    1.7741275041128661
0.913125                  1.7867844553853807
0.9137500000000001        1.7995547436866954
0.914375                  1.8124399092425778
0.915                     1.8254415251245828
0.915625                  1.8385611982206016
0.91625                   1.851800570241559
0.916875                  1.8651613187658709
0.9175                    1.8786451583233705
0.918125                  1.8922538415205055
0.91875                   1.9059891602087005
0.919375                  1.9198529466978873
0.92                      1.933847075017293
0.920625                  1.9479734622257494
0.9212500000000001        1.9622340697738208
0.9218750000000001        1.9766309049202448
0.9225000000000001        1.9911660222053347
0.9231250000000001        2.005841524984048
0.9237500000000001        2.020659567021686
0.9243750000000001        2.035622354155301
0.925                     2.0507321460240777
0.925625                  2.0659912578721507
0.92625                   2.0814020624275233
0.926875                  2.096966991860974
0.9275                    2.1126885398290547
0.928125                  2.1285692636055575
0.92875                   2.1446117863060783
0.929375                  2.1608187992105865
0.9299999999999999        2.177193064189234
0.9306249999999999        2.1937374162369467
0.9312499999999999        2.2104547661227
0.931875                  2.227348103159759
0.9325                    2.2444204981035556
0.933125                  2.261675106184348
0.9337500000000001        2.2791151702822074
0.9343750000000001        2.2967440242524373
0.935                     2.3145650964100803
0.935625                  2.3325819131826715
0.93625                   2.350798102941115
0.936875                  2.3692174000191932
0.9375                    2.3878436489329546
0.938125                  2.4066808088120175
0.93875                   2.425732958055693
0.9393750000000001        2.445004299227741
0.9400000000000001        2.464499164204564
0.940625                  2.484222019592792
0.9412500000000001        2.5041774724332804
0.9418750000000001        2.5243702762099063
0.9425000000000001        2.5448053371829467
0.9431250000000001        2.5654877210682256
0.9437500000000001        2.5864226600849807
0.9443750000000001        2.6076155603971163
0.9450000000000001        2.629072009974489
0.945625                  2.6507977869029844
0.94625                   2.6727988681744765
0.946875                  2.6950814389903117
0.9475                    2.717651902614723
0.948125                  2.7405168908176436
0.94875                   2.7636832749497318
0.949375                  2.7871581776960808
0.95                      2.8109489855591416
0.9506249999999999        2.8350633621258057
0.9512499999999999        2.859509262178513
0.951875                  2.884294946715638
0.9525                    2.9094289989523365
0.953125                  2.9349203413797427
0.9537500000000001        2.960778253967522
0.9543750000000001        2.9870123936030404
0.9550000000000001        3.013632814869373
0.9556250000000002        3.0406499922742425
0.9562500000000002        3.06807484405324
0.9568750000000001        3.0959187576830622
0.9575000000000002        3.1241936172542313
0.9581250000000002        3.1529118328683676
0.9587500000000002        3.182086372242433
0.9593750000000003        3.2117307947216966
0.9600000000000003        3.2418592879251595
0.9606250000000003        3.272486707271819
0.9612500000000004        3.3036286186637565
0.9618750000000004        3.335301344633561
0.9625000000000004        3.3675220142991136
0.9631250000000003        3.400308617508866
0.9637500000000003        3.4336800636067433
0.9643750000000003        3.4676562452977833
0.9650000000000003        3.502258108155203
0.9656250000000003        3.537507726377615
0.9662500000000003        3.573428385483173
0.9668750000000003        3.610044672717094
0.9675000000000002        3.647382576052352
0.9681250000000002        3.6854695927826624
0.9687500000000002        3.7243348488450887
0.9693750000000002        3.764009230170124
0.9700000000000002        3.8045255275440097
0.9706250000000002        3.8459185966863836
0.9712500000000002        3.8882255355021966
0.9718750000000002        3.931485880767515
0.9725000000000001        3.9757418268634783
0.9731250000000001        4.021038469592387
0.9737500000000001        4.067424078608427
0.9743750000000001        4.114950402589957
0.9750000000000001        4.163673011991779
0.9756250000000001        4.213651685071152
0.9762500000000001        4.264950843913796
0.976875                  4.317640048438448
0.9775                    4.371794557884473
0.978125                  4.427495971156018
0.97875                   4.484832959697259
0.9793750000000001        4.543902109422403
0.9800000000000001        4.604808891772285
0.9806250000000001        4.667668788416408
0.9812500000000002        4.732608599728349
0.9818750000000002        4.799767974288659
0.9825000000000002        4.869301205788928
0.9831250000000001        4.94137935547397
0.9837500000000001        5.016192773561973
0.9843750000000001        5.093954113168419
0.9850000000000001        5.174901956880266
0.9856250000000001        5.25930521177535
0.9862500000000001        5.347468476955365
0.9868750000000001        5.439738653823024
0.9875                    5.536513161206275
0.988125                  5.638250246830383
0.98875                   5.745482071736843
0.9893750000000001        5.858831513560746
0.9900000000000001        5.979034033820159
0.9906250000000001        6.106966558609964
0.9912500000000002        6.243686257904652
0.9918750000000002        6.390483595912293
0.9925000000000002        6.548956458360398
0.9931250000000001        6.721116278352058
0.9937500000000001        6.909544313571876
0.9943750000000001        7.117629506472359
0.9950000000000001        7.349945045967364
0.9956250000000001        7.6128736299415944
0.9962500000000001        7.915708887420672
0.9968750000000001        8.27274738467674
0.9975                    8.707678907189807
0.998125                  9.264177997337645
0.99875                   10.037489348329593
0.999375                  11.311916182713249
1                         16.27761551736942
